%50x50 SPD matrix
50 50 607
0 0 0.189086682114912
2 0 0.015700556713590
11 0 0.066253957264716
14 0 0.061802616228622
16 0 -0.025011274752481
19 0 -0.040673186461083
25 0 -0.008567344846172
30 0 0.075554382918293
37 0 0.090162255822789
39 0 -0.006973356067452
45 0 0.039312721503450
48 0 0.012811109431587
1 1 0.212453139966881
3 1 -0.005414066664848
7 1 0.042936843316034
17 1 -0.051118341145880
20 1 -0.000829561668864
26 1 0.014753590853276
28 1 0.004980459031016
34 1 -0.232085458111691
0 2 0.015700556713590
2 2 0.368909435082606
5 2 -0.001832239169780
9 2 -0.001623287885443
10 2 0.000016266162167
11 2 0.059746385343300
12 2 -0.062651650066705
14 2 0.029238697948448
19 2 -0.019231052403566
30 2 0.058740417018068
31 2 -0.000525896846475
32 2 0.000571454344168
35 2 0.000012681644779
37 2 0.008948250978885
38 2 -0.005972279119412
45 2 0.018595455937473
47 2 -0.142173362262940
1 3 -0.005414066664848
3 3 0.514229260960349
4 3 -0.204396997988797
7 3 0.001714948612248
16 3 -0.000001891962235
17 3 0.068665892227541
20 3 -0.189969292009923
22 3 -0.009789414711861
24 3 0.000709331490679
25 3 -0.000000648071442
26 3 0.080524154565594
27 3 -0.001007980513772
28 3 0.027183026614303
34 3 0.007326512619161
36 3 -0.009625390672041
39 3 0.000009362455498
40 3 -0.044492953743333
41 3 -0.030737545997268
42 3 0.016158568544517
43 3 0.066103454521489
48 3 0.000000969088360
49 3 -0.000753396595346
3 4 -0.204396997988797
4 4 0.126333686797777
13 4 0.010604574842452
16 4 0.000000874194328
17 4 -0.001582129220715
20 4 0.107632349588184
22 4 -0.028930884550515
24 4 0.002096303820905
25 4 0.000000299445924
26 4 -0.066821752596442
27 4 0.000465744416747
28 4 -0.022557423782249
36 4 -0.028446140497963
39 4 -0.000004325987770
40 4 0.012785410480328
41 4 -0.022302483297977
42 4 0.047753792726404
43 4 -0.033509286223206
48 4 -0.000000447774026
49 4 0.000348112144118
2 5 -0.001832239169780
5 5 0.191632086180072
9 5 -0.105503337781052
10 5 0.005233571147547
11 5 0.000434195573904
12 5 0.000130007584635
14 5 0.002680599333250
15 5 -0.026864166045690
19 5 0.001888729358092
31 5 -0.003730471131976
32 5 0.183863097946793
35 5 0.004080267338652
38 5 0.155657965963649
45 5 -0.002260016785954
47 5 -0.000057290988286
6 6 0.568986602901830
1 7 0.042936843316034
3 7 0.001714948612248
7 7 0.084684011022723
17 7 0.016192140517539
20 7 0.000262770246630
26 7 -0.004673317069362
28 7 -0.001577599950709
34 7 -0.058103703529238
8 8 0.471486636345740
2 9 -0.001623287885443
5 9 -0.105503337781052
9 9 0.261309206924994
10 9 0.000936632307528
11 9 0.000384679263852
12 9 0.001172425363027
14 9 0.000300210375879
19 9 0.000456167521225
31 9 -0.030282003325107
32 9 0.032905278794180
35 9 0.000730229914716
38 9 -0.343893631164894
47 9 0.002597474740016
2 10 0.000016266162167
5 10 0.005233571147547
9 10 0.000936632307528
10 10 0.239971212144880
11 10 -0.000003854679964
12 10 -0.003315322420680
14 10 0.023169799930111
19 10 0.035206345451806
31 10 0.001502161184901
32 10 -0.002304335726522
35 10 0.146101455551420
38 10 -0.001381892581904
47 10 0.001460977053772
0 11 0.066253957264716
2 11 0.059746385343300
5 11 0.000434195573904
9 11 0.000384679263852
10 11 -0.000003854679964
11 11 0.606871656155919
12 11 0.014846898595688
14 11 0.123359614361061
19 11 -0.081187418583902
30 11 0.247875610388904
31 11 0.000124624605148
32 11 -0.000135420610485
35 11 -0.000003005237593
37 11 0.037760255815379
38 11 0.001415283115076
45 11 0.078469990935599
47 11 0.033691586578781
2 12 -0.062651650066705
5 12 0.000130007584635
9 12 0.001172425363027
10 12 -0.003315322420680
11 12 0.014846898595688
12 12 0.285080532633527
14 12 -0.001062630641792
19 12 -0.001614659667992
31 12 0.000037315313363
32 12 -0.000057242199169
35 12 0.003629318645401
38 12 -0.000034327710799
47 12 -0.087517881526672
4 13 0.010604574842452
13 13 0.041275052942260
41 13 -0.070517772073849
0 14 0.061802616228622
2 14 0.029238697948448
5 14 0.002680599333250
9 14 0.000300210375879
10 14 0.023169799930111
11 14 0.123359614361061
12 14 -0.001062630641792
14 14 0.218444669295550
15 14 0.004672916946021
19 14 -0.017234987051331
30 14 0.231221829665097
31 14 -0.003013456950803
32 14 -0.000738588119425
35 14 0.046828592751921
37 14 0.035223293750263
38 14 -0.000442925669020
45 14 -0.005895470914914
47 14 0.000468273907421
5 15 -0.026864166045690
14 15 0.004672916946021
15 15 0.119062936355332
19 15 -0.003075313536236
31 15 0.093595498094898
45 15 -0.010527922711544
0 16 -0.025011274752481
3 16 -0.000001891962235
4 16 0.000000874194328
16 16 0.056507490305902
17 16 -0.000000014644681
20 16 0.000000996278530
25 16 -0.007315202969747
26 16 -0.000000618522941
27 16 0.000417071155979
28 16 -0.000000208798536
30 16 0.008856692665810
37 16 -0.014254727897218
39 16 0.008149733924330
40 16 -0.000006210070180
41 16 0.000000131462735
43 16 0.000016275974827
48 16 -0.023317017622397
49 16 0.000311732205770
1 17 -0.051118341145880
3 17 0.068665892227541
4 17 -0.001582129220715
7 17 0.016192140517539
16 17 -0.000000014644681
17 17 0.824180004661199
20 17 0.009568224025152
22 17 -0.000075774689559
24 17 0.000005490560476
25 17 -0.000000005016379
26 17 -0.178542935601477
27 17 -0.000007802244849
28 17 -0.060271820256085
34 17 0.069175205009482
36 17 -0.000074505066086
39 17 0.000000072469824
40 17 0.000313360759952
41 17 -0.000237923111268
42 17 0.000125074945869
43 17 0.000762638067175
48 17 0.000000007501201
49 17 -0.000005831645181
18 18 0.143953986607473
21 18 -0.014193084974107
0 19 -0.040673186461083
2 19 -0.019231052403566
5 19 0.001888729358092
9 19 0.000456167521225
10 19 0.035206345451806
11 19 -0.081187418583902
12 19 -0.001614659667992
14 19 -0.017234987051331
15 19 -0.003075313536236
19 19 0.203598821312349
30 19 -0.152170396105106
31 19 0.003031661021059
32 19 -0.001122279370453
35 19 0.071155712108826
37 19 -0.023180953847945
38 19 -0.000673022389490
45 19 0.003879893804352
47 19 0.000711538856635
1 20 -0.000829561668864
3 20 -0.189969292009923
4 20 0.107632349588184
7 20 0.000262770246630
16 20 0.000000996278530
17 20 0.009568224025152
20 20 0.238083672053938
22 20 0.005154956857969
24 20 -0.000373523171720
25 20 0.000000341264562
26 20 -0.065676111673753
27 20 0.000530787203843
28 20 -0.022170682836506
34 20 0.001122593128519
36 20 0.005068584293947
39 20 -0.000004930126631
40 20 -0.021317952048889
41 20 0.016185924102673
42 20 -0.008508856370402
43 20 -0.051882315288005
48 20 -0.000000510307187
49 20 0.000396727185461
18 21 -0.014193084974107
21 21 0.179202559762513
3 22 -0.009789414711861
4 22 -0.028930884550515
17 22 -0.000075774689559
20 22 0.005154956857969
22 22 0.217061227553002
24 22 0.000108619856513
26 22 -0.003200369155988
28 22 -0.001080368001529
36 22 0.089058087743898
41 22 -0.004350672482293
42 22 -0.227181317246829
23 23 0.115139539932645
3 24 0.000709331490679
4 24 0.002096303820905
17 24 0.000005490560476
20 24 -0.000373523171720
22 24 0.000108619856513
24 24 0.104749847510628
26 24 0.000231895643505
28 24 0.000078282417035
36 24 0.000106799904228
41 24 0.000315245506310
42 24 -0.000179289717354
0 25 -0.008567344846172
3 25 -0.000000648071442
4 25 0.000000299445924
16 25 -0.007315202969747
17 25 -0.000000005016379
20 25 0.000000341264562
25 25 0.092903803042539
26 25 -0.000000211868423
27 25 0.000142863266828
28 25 -0.000000071521707
30 25 0.003033765412418
37 25 -0.004882804686782
39 25 0.002791604251493
40 25 -0.000002127193167
41 25 0.000000045031155
43 25 0.000005575161220
48 25 0.003746944795383
49 25 0.000106780535295
1 26 0.014753590853276
3 26 0.080524154565594
4 26 -0.066821752596442
7 26 -0.004673317069362
16 26 -0.000000618522941
17 26 -0.178542935601477
20 26 -0.065676111673753
22 26 -0.003200369155988
24 26 0.000231895643505
25 26 -0.000000211868423
26 26 0.274829075069598
27 26 -0.000329530400036
28 26 0.063456851063092
34 26 -0.019965097634700
36 26 -0.003146746187371
39 26 0.000003060787052
40 26 -0.014758487520181
41 26 -0.010048761548659
42 26 0.005282581839355
43 26 0.021529444641916
48 26 0.000000316815723
49 26 -0.000246301469183
3 27 -0.001007980513772
4 27 0.000465744416747
16 27 0.000417071155979
17 27 -0.000007802244849
20 27 0.000530787203843
25 27 0.000142863266828
26 27 -0.000329530400036
27 27 0.052568249847969
28 27 -0.000111241573199
39 27 -0.002063894333850
40 27 -0.003308538412750
41 27 0.000070039386946
43 27 0.008671349333986
48 27 -0.000213629424045
49 27 0.031816859618934
1 28 0.004980459031016
3 28 0.027183026614303
4 28 -0.022557423782249
7 28 -0.001577599950709
16 28 -0.000000208798536
17 28 -0.060271820256085
20 28 -0.022170682836506
22 28 -0.001080368001529
24 28 0.000078282417035
25 28 -0.000000071521707
26 28 0.063456851063092
27 28 -0.000111241573199
28 28 0.108272650964611
34 28 -0.006739738942793
36 28 -0.001062266171203
39 28 0.000001033248425
40 28 -0.004982112028523
41 28 -0.003392221304174
42 28 0.001783273149605
43 28 0.007267825037711
48 28 0.000000106949403
49 28 -0.000083145478870
29 29 0.065512855685955
0 30 0.075554382918293
2 30 0.058740417018068
11 30 0.247875610388904
14 30 0.231221829665097
16 30 0.008856692665810
19 30 -0.152170396105106
25 30 0.003033765412418
30 30 0.496389880297831
37 30 0.043060866773119
39 30 0.002469321222124
45 30 0.147080495128496
48 30 -0.004536516433748
2 31 -0.000525896846475
5 31 -0.003730471131976
9 31 -0.030282003325107
10 31 0.001502161184901
11 31 0.000124624605148
12 31 0.000037315313363
14 31 -0.003013456950803
15 31 0.093595498094898
19 31 0.003031661021059
31 31 0.203558415645628
32 31 0.052773145006500
35 31 0.001171135167048
38 31 0.044677591648073
45 31 0.007873961038823
47 31 -0.000016443895845
2 32 0.000571454344168
5 32 0.183863097946793
9 32 0.032905278794180
10 32 -0.002304335726522
11 32 -0.000135420610485
12 32 -0.000057242199169
14 32 -0.000738588119425
19 32 -0.001122279370453
31 32 0.052773145006500
32 32 0.544100468985259
35 32 -0.001796537304480
38 32 -0.048547931035114
47 32 0.000025225160296
33 33 0.044984326689695
1 34 -0.232085458111691
3 34 0.007326512619161
7 34 -0.058103703529238
17 34 0.069175205009482
20 34 0.001122593128519
26 34 -0.019965097634700
28 34 -0.006739738942793
34 34 0.355015663439226
2 35 0.000012681644779
5 35 0.004080267338652
9 35 0.000730229914716
10 35 0.146101455551420
11 35 -0.000003005237593
12 35 0.003629318645401
14 35 0.046828592751921
19 35 0.071155712108826
31 35 0.001171135167048
32 35 -0.001796537304480
35 35 0.163322721291240
38 35 -0.001077369736362
47 35 -0.001599347088743
3 36 -0.009625390672041
4 36 -0.028446140497963
17 36 -0.000074505066086
20 36 0.005068584293947
22 36 0.089058087743898
24 36 0.000106799904228
26 36 -0.003146746187371
28 36 -0.001062266171203
36 36 0.214051419369007
41 36 -0.004277775899863
42 36 -0.223374838665301
0 37 0.090162255822789
2 37 0.008948250978885
11 37 0.037760255815379
14 37 0.035223293750263
16 37 -0.014254727897218
19 37 -0.023180953847945
25 37 -0.004882804686782
30 37 0.043060866773119
37 37 0.082274798158317
39 37 -0.003974339343183
45 37 0.022405581221932
48 37 0.007301462273155
2 38 -0.005972279119412
5 38 0.155657965963649
9 38 -0.343893631164894
10 38 -0.001381892581904
11 38 0.001415283115076
12 38 -0.000034327710799
14 38 -0.000442925669020
19 38 -0.000673022389490
31 38 0.044677591648073
32 38 -0.048547931035114
35 38 -0.001077369736362
38 38 0.535492944112078
47 38 0.000015127336476
0 39 -0.006973356067452
3 39 0.000009362455498
4 39 -0.000004325987770
16 39 0.008149733924330
17 39 0.000000072469824
20 39 -0.000004930126631
25 39 0.002791604251493
26 39 0.000003060787052
27 39 -0.002063894333850
28 39 0.000001033248425
30 39 0.002469321222124
37 39 -0.003974339343183
39 39 0.027887944546922
40 39 0.000030730796110
41 39 -0.000000650548929
43 39 -0.000080542352888
48 39 -0.004174402711423
49 39 -0.001542620063614
3 40 -0.044492953743333
4 40 0.012785410480328
16 40 -0.000006210070180
17 40 0.000313360759952
20 40 -0.021317952048889
25 40 -0.000002127193167
26 40 -0.014758487520181
27 40 -0.003308538412750
28 40 -0.004982112028523
39 40 0.000030730796110
40 40 0.033807330454965
41 40 0.001922690384888
43 40 -0.002211312033199
48 40 0.000003180881000
49 40 -0.002472906511268
3 41 -0.030737545997268
4 41 -0.022302483297977
13 41 -0.070517772073849
16 41 0.000000131462735
17 41 -0.000237923111268
20 41 0.016185924102673
22 41 -0.004350672482293
24 41 0.000315245506310
25 41 0.000000045031155
26 41 -0.010048761548659
27 41 0.000070039386946
28 41 -0.003392221304174
36 41 -0.004277775899863
39 41 -0.000000650548929
40 41 0.001922690384888
41 41 0.271285743243889
42 41 0.007181291383508
43 41 -0.005039179815536
48 41 -0.000000067336971
49 41 0.000052349658495
3 42 0.016158568544517
4 42 0.047753792726404
17 42 0.000125074945869
20 42 -0.008508856370402
22 42 -0.227181317246829
24 42 -0.000179289717354
26 42 0.005282581839355
28 42 0.001783273149605
36 42 -0.223374838665301
41 42 0.007181291383508
42 42 0.408921427474153
3 43 0.066103454521489
4 43 -0.033509286223206
16 43 0.000016275974827
17 43 0.000762638067175
20 43 -0.051882315288005
25 43 0.000005575161220
26 43 0.021529444641916
27 43 0.008671349333986
28 43 0.007267825037711
39 43 -0.000080542352888
40 43 -0.002211312033199
41 43 -0.005039179815536
43 43 0.038759236536466
48 43 -0.000008336771983
49 43 0.006481241428800
44 44 0.015998587196061
0 45 0.039312721503450
2 45 0.018595455937473
5 45 -0.002260016785954
11 45 0.078469990935599
14 45 -0.005895470914914
15 45 -0.010527922711544
19 45 0.003879893804352
30 45 0.147080495128496
31 45 0.007873961038823
37 45 0.022405581221932
45 45 0.239319439733874
46 46 0.013257113655901
2 47 -0.142173362262940
5 47 -0.000057290988286
9 47 0.002597474740016
10 47 0.001460977053772
11 47 0.033691586578781
12 47 -0.087517881526672
14 47 0.000468273907421
19 47 0.000711538856635
31 47 -0.000016443895845
32 47 0.000025225160296
35 47 -0.001599347088743
38 47 0.000015127336476
47 47 0.125047437900502
0 48 0.012811109431587
3 48 0.000000969088360
4 48 -0.000000447774026
16 48 -0.023317017622397
17 48 0.000000007501201
20 48 -0.000000510307187
25 48 0.003746944795383
26 48 0.000000316815723
27 48 -0.000213629424045
28 48 0.000000106949403
30 48 -0.004536516433748
37 48 0.007301462273155
39 48 -0.004174402711423
40 48 0.000003180881000
41 48 -0.000000067336971
43 48 -0.000008336771983
48 48 0.022928699690264
49 48 -0.000159673404934
3 49 -0.000753396595346
4 49 0.000348112144118
16 49 0.000311732205770
17 49 -0.000005831645181
20 49 0.000396727185461
25 49 0.000106780535295
26 49 -0.000246301469183
27 49 0.031816859618934
28 49 -0.000083145478870
39 49 -0.001542620063614
40 49 -0.002472906511268
41 49 0.000052349658495
43 49 0.006481241428800
48 49 -0.000159673404934
49 49 0.033780929674731